Encoding	Decoding
1214.0012
1016.0010
1009.0010
1005.0010
1007.0010
1003.0010
1000.0010
1010.0010
1002.0010
6676.0067	35341.0353
7013.0070	12943.0129
18.0000	2931.0029
137.0001	3215.0032
135.0001	2693.0027
137.0001	2438.0024
142.0001	3196.0032
14.0000	164.0002
4040.0040	8864.0089
4288.0043	7708.0077
4477.0045	8840.0088
4593.0046	24420.0244
4140.0041	9916.0099
4134.0041	25093.0251
5065.0051	9586.0096
4703.0047	9733.0097
4750.0047	9483.0095
4412.0044	9443.0094
4413.0044	9617.0096
4847.0048	10005.0100
4463.0045	10097.0101
6708.0067	10603.0106
131.0001	255.0003
4788.0048	10333.0103
4111.0041	10400.0104
4172.0042	7819.0078
4192.0042	8926.0089
4244.0042	8826.0088
5210.0052	8442.0084
4360.0044	22306.0223
4677.0047	21172.0212
17195.0172	7920.0079
4201.0042	19629.0196
4620.0046	7781.0078
4222.0042	7924.0079
4135.0041	8812.0088
4771.0048	18149.0181
14.0000	69.0001
4129.0041	20365.0204
2696.0027	5965.0060
2534.0025	6093.0061
14.0000	162.0002
15.0000	164.0002
13.0000	172.0002
18.0000	65.0001
18.0000	161.0002
17.0000	176.0002
